# nsuite/meq/v0.2.5k 
# 
# momentum space matrix elements 
# partial wave J=1, L=0/0, S=1, T=0, MT=0 
# 
# momentum grid [fm^-1]
0.000000 0.100000 0.200000 0.300000 0.400000 0.500000 0.600000 0.700000 0.800000 0.900000 1.000000 1.100000 1.200000 1.300000 1.400000 1.500000 1.600000 1.700000 1.800000 1.900000 2.000000 2.100000 2.200000 2.300000 2.400000 2.500000 2.600000 2.700000 2.800000 2.900000 3.000000 3.100000 3.200000 3.300000 3.400000 3.500000 3.600000 3.700000 3.800000 3.900000 4.000000 4.100000 4.200000 4.300000 4.400000 4.500000 4.600000 4.700000 4.800000 4.900000 5.000000 5.100000 5.200000 5.300000 5.400000 5.500000 5.600000 5.700000 5.800000 5.900000 6.000000 6.100000 6.200000 6.300000 6.400000 6.500000 6.600000 6.700000 6.800000 6.900000 7.000000 
#
# matrix elements [MeV fm^3] 
-36.94918 -36.49896 -35.23306 -33.36536 -31.13985 -28.75281 -26.32400 -23.90513 -21.50158 -19.09289 -16.64717 -14.13012 -11.51055  -8.76404  -5.87587  -2.84396   0.31809   3.57770   6.88025  10.14689  13.27437  16.13871  18.60430  20.54005  21.84140  22.45345  22.38560  21.70693  20.51907  18.91993  16.98530  14.78569  12.42107  10.03366   7.78033   5.78914   4.13320   2.83028   1.85690   1.16543   0.69835   0.39867   0.21633   0.11132   0.05419   0.02489   0.01076   0.00437   0.00166   0.00059   0.00019   0.00006   0.00002   0.00000   0.00000   0.00000   0.00000   0.00000   0.00000   0.00000   0.00000   0.00000   0.00000   0.00000   0.00000   0.00000   0.00000   0.00000   0.00000   0.00000   0.00000 
-36.49896 -36.07330 -34.87165 -33.08354 -30.93218 -28.60401 -26.21813 -23.82966 -21.44810 -19.05622 -16.62435 -14.11953 -11.51132  -8.77565  -5.89792  -2.87601   0.27660   3.52751   6.82232  10.08241  13.20476  16.06554  18.52929  20.46497  21.76800  22.38338  22.32029  21.64754  20.46641  18.87445  16.94710  14.75451  12.39640  10.01476   7.76633   5.77915   4.12633   2.82573   1.85402   1.16368   0.69733   0.39811   0.21604   0.11117   0.05412   0.02486   0.01075   0.00436   0.00166   0.00059   0.00019   0.00006   0.00002   0.00000   0.00000   0.00000   0.00000   0.00000   0.00000   0.00000   0.00000   0.00000   0.00000   0.00000   0.00000   0.00000   0.00000   0.00000   0.00000   0.00000   0.00000 
-35.23306 -34.87165 -33.83756 -32.26303 -30.31727 -28.15756 -25.89762 -23.60002 -21.28483 -18.94392 -16.55403 -14.08621 -11.51227  -8.80926  -5.96298  -2.97120   0.15296   3.37766   6.64916   9.88949  12.99628  15.84626  18.30436  20.23973  21.54773  22.17300  22.12413  21.46909  20.30814  18.73772  16.83219  14.66071  12.32214   9.95786   7.72420   5.74905   4.10563   2.81204   1.84534   1.15840   0.69427   0.39642   0.21515   0.11073   0.05391   0.02477   0.01071   0.00435   0.00165   0.00059   0.00019   0.00006   0.00002   0.00000   0.00000   0.00000   0.00000   0.00000   0.00000   0.00000   0.00000   0.00000   0.00000   0.00000   0.00000   0.00000   0.00000   0.00000   0.00000   0.00000   0.00000 
-33.36536 -33.08354 -32.26303 -30.97454 -29.32115 -27.41548 -25.35522 -23.20705 -21.00345 -18.74910 -16.43055 -14.02539 -11.50929  -8.86124  -6.06777  -3.12658  -0.05020   3.13045   6.36269   9.56969  12.65015  15.48172  17.93000  19.86447  21.18040  21.82188  21.79651  21.17083  20.04341  18.50887  16.63974  14.50351  12.19764   9.86239   7.65347   5.69850   4.07083   2.78902   1.83073   1.14953   0.68912   0.39357   0.21365   0.10998   0.05356   0.02461   0.01064   0.00432   0.00164   0.00058   0.00019   0.00006   0.00002   0.00000   0.00000   0.00000   0.00000   0.00000   0.00000   0.00000   0.00000   0.00000   0.00000   0.00000   0.00000   0.00000   0.00000   0.00000   0.00000   0.00000   0.00000 
-31.13985 -30.93218 -30.31727 -29.32115 -27.99007 -26.38756 -24.58318 -22.63746 -20.59072 -18.46024 -16.24424 -13.92888 -11.49524  -8.92524  -6.20659  -3.33699  -0.32823   2.78999   5.96646   9.12595  12.16867  14.97359  17.40728  19.33970  20.66601  21.32958  21.33660  20.75167  19.67100  18.18661  16.36849  14.28175  12.02183   9.72749   7.55344   5.62694   4.02154   2.75639   1.81000   1.13692   0.68180   0.38951   0.21151   0.10891   0.05305   0.02438   0.01055   0.00428   0.00163   0.00058   0.00019   0.00006   0.00002   0.00000   0.00000   0.00000   0.00000   0.00000   0.00000   0.00000   0.00000   0.00000   0.00000   0.00000   0.00000   0.00000   0.00000   0.00000   0.00000   0.00000   0.00000 
-28.75281 -28.60401 -28.15756 -27.41548 -26.38756 -25.09663 -23.57895 -21.87726 -20.02979 -18.06149 -15.98127 -13.78473 -11.45965  -8.99189  -6.37092  -3.59467  -0.67411   2.36255   5.46598   8.56297  11.55571  14.32488  16.73834  18.66672  20.00511  20.69597  20.74375  20.21055  19.18955  17.76945  16.01691  13.99396  11.79342   9.55201   7.42317   5.53366   3.95722   2.71375   1.78289   1.12042   0.67220   0.38419   0.20870   0.10751   0.05239   0.02409   0.01042   0.00423   0.00161   0.00057   0.00019   0.00006   0.00002   0.00000   0.00000   0.00000   0.00000   0.00000   0.00000   0.00000   0.00000   0.00000   0.00000   0.00000   0.00000   0.00000   0.00000   0.00000   0.00000   0.00000   0.00000 
-26.32400 -26.21813 -25.89762 -25.35522 -24.58318 -23.57895 -22.35031 -20.91638 -19.30284 -17.53359 -15.62366 -13.57692 -11.38827  -9.04835  -6.54904  -3.88885  -1.07793   1.85716   4.86933   7.88782  10.81725  13.54047  15.92694  17.84821  19.19936  19.92180  20.01791  19.54679  18.59792  17.25595  15.58344  13.63861  11.51097   9.33472   7.26165   5.41784   3.87725   2.66069   1.74910   1.09982   0.66021   0.37753   0.20519   0.10575   0.05155   0.02371   0.01027   0.00417   0.00159   0.00056   0.00019   0.00006   0.00002   0.00000   0.00000   0.00000   0.00000   0.00000   0.00000   0.00000   0.00000   0.00000   0.00000   0.00000   0.00000   0.00000   0.00000   0.00000   0.00000   0.00000   0.00000 
-23.90513 -23.82966 -23.60002 -23.20705 -22.63746 -21.87726 -20.91638 -19.75298 -18.39483 -16.85588 -15.14997 -13.28531 -11.26274  -9.07785  -6.72551  -4.20518  -1.52638   1.28611   4.18773   7.11056   9.96212  12.62784  14.97921  16.88894  18.25219  19.00927  19.16020  18.76060  17.89564  16.64516  15.06684  13.21432  11.17314   9.07439   7.06783   5.27866   3.78101   2.59672   1.70833   1.07494   0.64570   0.36947   0.20093   0.10361   0.05054   0.02326   0.01007   0.00410   0.00156   0.00055   0.00018   0.00006   0.00002   0.00000   0.00000   0.00000   0.00000   0.00000   0.00000   0.00000   0.00000   0.00000   0.00000   0.00000   0.00000   0.00000   0.00000   0.00000   0.00000   0.00000   0.00000 
-21.50158 -21.44810 -21.28483 -21.00345 -20.59072 -20.02979 -19.30284 -18.39483 -17.29722 -16.00950 -14.53700 -12.88616 -11.06044  -9.05932  -6.88066  -4.52523  -2.00215   0.66563   3.43623   6.24496   9.00267  11.59783  13.90437  15.79646  17.16954  17.96276  18.17358  17.85372  17.08343  15.93702  14.46652  12.72020  10.77891   8.77002   6.84080   5.11534   3.66790   2.52143   1.66024   1.04554   0.62853   0.35991   0.19587   0.10107   0.04933   0.02272   0.00985   0.00401   0.00153   0.00054   0.00018   0.00006   0.00002   0.00000   0.00000   0.00000   0.00000   0.00000   0.00000   0.00000   0.00000   0.00000   0.00000   0.00000   0.00000   0.00000   0.00000   0.00000   0.00000   0.00000   0.00000 
-19.09289 -19.05622 -18.94392 -18.74910 -18.46024 -18.06149 -17.53359 -16.85588 -16.00950 -14.98068 -13.76248 -12.35359 -10.75503  -8.96732  -6.99034  -4.82609  -2.48344   0.01638   2.63430   5.30917   7.95555  10.46541  12.71555  14.58199  15.96065  16.78959  17.06355  16.83001  16.16374  15.13286  13.78297  12.15617  10.32785   8.42101   6.57996   4.92733   3.53744   2.43443   1.60460   1.01147   0.60860   0.34880   0.18998   0.09810   0.04792   0.02208   0.00958   0.00390   0.00149   0.00053   0.00018   0.00005   0.00002   0.00000   0.00000   0.00000   0.00000   0.00000   0.00000   0.00000   0.00000   0.00000   0.00000   0.00000   0.00000   0.00000   0.00000   0.00000   0.00000   0.00000   0.00000 
-16.64717 -16.62435 -16.55403 -16.43055 -16.24424 -15.98127 -15.62366 -15.14997 -14.53700 -13.76248 -12.80823 -11.66213 -10.31780  -8.77257  -7.02590  -5.08010  -2.94364  -0.63610   1.80636   4.32628   6.84229   9.25034  11.43053  13.26111  14.63881  15.50076  15.83889  15.69617  15.14144  14.23599  13.01823  11.52333   9.82042   8.02743   6.28513   4.71439   3.38938   2.33550   1.54120   0.97258   0.58581   0.33608   0.18322   0.09470   0.04629   0.02135   0.00927   0.00377   0.00144   0.00051   0.00017   0.00005   0.00001   0.00000   0.00000   0.00000   0.00000   0.00000   0.00000   0.00000   0.00000   0.00000   0.00000   0.00000   0.00000   0.00000   0.00000   0.00000   0.00000   0.00000   0.00000 
-14.13012 -14.11953 -14.08621 -14.02539 -13.92888 -13.78473 -13.57692 -13.28531 -12.88616 -12.35359 -11.66213 -10.78975  -9.72017  -8.44339  -6.95486  -5.25509  -3.35132  -1.26122   0.98195   3.32462   5.68977   7.97768  10.07224  11.85441  13.22206  14.11162  14.51230  14.46236  14.02435  13.25216  12.17635  10.82437   9.25830   7.59024   5.95683   4.47671   3.22376   2.22462   1.47000   0.92882   0.56013   0.32170   0.17557   0.09084   0.04445   0.02052   0.00891   0.00363   0.00139   0.00049   0.00016   0.00005   0.00001   0.00000   0.00000   0.00000   0.00000   0.00000   0.00000   0.00000   0.00000   0.00000   0.00000   0.00000   0.00000   0.00000   0.00000   0.00000   0.00000   0.00000   0.00000 
-11.51055 -11.51132 -11.51227 -11.50929 -11.49524 -11.45965 -11.38827 -11.26274 -11.06044 -10.75503 -10.31780  -9.72017  -8.93679  -7.94827  -6.74257  -5.31534  -3.67070  -1.82369   0.19568   2.33779   4.53023   6.67796   8.66911  10.38781  11.73355  12.64239  13.10094  13.14275  12.82379  12.19011  11.26383  10.06393   8.64468   7.11155   5.59637   4.21511   3.04106   2.10203   1.39112   0.88025   0.53155   0.30569   0.16704   0.08652   0.04238   0.01959   0.00852   0.00348   0.00133   0.00047   0.00016   0.00005   0.00001   0.00000   0.00000   0.00000   0.00000   0.00000   0.00000   0.00000   0.00000   0.00000   0.00000   0.00000   0.00000   0.00000   0.00000   0.00000   0.00000   0.00000   0.00000 
 -8.76404  -8.77565  -8.80926  -8.86124  -8.92524  -8.99189  -9.04835  -9.07785  -9.05932  -8.96732  -8.77257  -8.44339  -7.94827  -7.25922  -6.35502  -5.22350  -3.86304  -2.28435  -0.51355   1.40409   3.40093   5.38694   7.25490   8.89264  10.20175  11.11836  11.62677  11.75589  11.55499  11.06196  10.28997   9.24893   7.98452   6.59482   5.20611   3.93112   2.84223   1.96831   1.30489   0.82703   0.50019   0.28807   0.15763   0.08176   0.04010   0.01855   0.00808   0.00330   0.00126   0.00045   0.00015   0.00005   0.00001   0.00000   0.00000   0.00000   0.00000   0.00000   0.00000   0.00000   0.00000   0.00000   0.00000   0.00000   0.00000   0.00000   0.00000   0.00000   0.00000   0.00000   0.00000 
 -5.87587  -5.89792  -5.96298  -6.06777  -6.20659  -6.37092  -6.54904  -6.72551  -6.88066  -6.99034  -7.02590  -6.95486  -6.74257  -6.35502  -5.76257  -4.94386  -3.88900  -2.60213  -1.10394   0.56528   2.34306   4.14469   5.86800   7.40502   8.66003   9.56972  10.11650  10.32482  10.23727   9.88342   9.26716   8.38881   7.28482   6.04508   4.78955   3.62710   2.62882   1.82444   1.21190   0.76951   0.46622   0.26895   0.14740   0.07656   0.03760   0.01742   0.00759   0.00311   0.00119   0.00042   0.00014   0.00004   0.00001   0.00000   0.00000   0.00000   0.00000   0.00000   0.00000   0.00000   0.00000   0.00000   0.00000   0.00000   0.00000   0.00000   0.00000   0.00000   0.00000   0.00000   0.00000 
 -2.84396  -2.87601  -2.97120  -3.12658  -3.33699  -3.59467  -3.88885  -4.20518  -4.52523  -4.82609  -5.08010  -5.25509  -5.31534  -5.22350  -4.94386  -4.44663  -3.71256  -2.73705  -1.53339  -0.13556   1.39987   2.99393   4.54995   5.96470   7.14573   8.03087   8.60113   8.87680   8.89395   8.67382   8.21089   7.49563   6.55467   5.46899   4.35144   3.30635   2.40302   1.67182   1.11301   0.70821   0.42993   0.24848   0.13642   0.07098   0.03492   0.01620   0.00707   0.00290   0.00111   0.00040   0.00013   0.00004   0.00001   0.00000   0.00000   0.00000   0.00000   0.00000   0.00000   0.00000   0.00000   0.00000   0.00000   0.00000   0.00000   0.00000   0.00000   0.00000   0.00000   0.00000   0.00000 
  0.31809   0.27660   0.15296  -0.05020  -0.32823  -0.67411  -1.07793  -1.52638  -2.00215  -2.48344  -2.94364  -3.35132  -3.67070  -3.86304  -3.88900  -3.71256  -3.30591  -2.65481  -1.76333  -0.65732   0.61376   1.97747   3.34322   4.61306   5.69845   6.53903   7.11487   7.44253   7.55179   7.45577   7.13966   6.58399   5.80526   4.87488   3.89781   2.97309   2.16771   1.51232   1.00940   0.64382   0.39172   0.22688   0.12481   0.06507   0.03207   0.01490   0.00652   0.00267   0.00103   0.00037   0.00012   0.00004   0.00001   0.00000   0.00000   0.00000   0.00000   0.00000   0.00000   0.00000   0.00000   0.00000   0.00000   0.00000   0.00000   0.00000   0.00000   0.00000   0.00000   0.00000   0.00000 
  3.57770   3.52751   3.37766   3.13045   2.78999   2.36255   1.85716   1.28611   0.66563   0.01638  -0.63610  -1.26122  -1.82369  -2.28435  -2.60213  -2.73705  -2.65481  -2.33238  -1.76390  -0.96546   0.02225   1.13457   2.28786   3.39020   4.35762   5.13215   5.69349   6.05486   6.24008   6.25449   6.07441   5.67069   5.04965   4.27261   3.43587   2.63244   1.92638   1.34827   0.90254   0.57723   0.35212   0.20444   0.11273   0.05889   0.02908   0.01354   0.00593   0.00244   0.00094   0.00034   0.00011   0.00003   0.00001   0.00000   0.00000   0.00000   0.00000   0.00000   0.00000   0.00000   0.00000   0.00000   0.00000   0.00000   0.00000   0.00000   0.00000   0.00000   0.00000   0.00000   0.00000 
  6.88025   6.82232   6.64916   6.36269   5.96646   5.46598   4.86933   4.18773   3.43623   2.63430   1.80636   0.98195   0.19568  -0.51355  -1.10394  -1.53339  -1.76333  -1.76390  -1.52012  -1.03775  -0.34716   0.49639   1.41754   2.33135   3.15923   3.84619   4.37204   4.74695   4.98914   5.09671   5.03778   4.77421   4.30238   3.67327   2.97385   2.29030   1.68313   1.18239   0.79417   0.50952   0.31173   0.18150   0.10034   0.05255   0.02601   0.01214   0.00533   0.00219   0.00084   0.00030   0.00010   0.00003   0.00001   0.00000   0.00000   0.00000   0.00000   0.00000   0.00000   0.00000   0.00000   0.00000   0.00000   0.00000   0.00000   0.00000   0.00000   0.00000   0.00000   0.00000   0.00000 
 10.14689  10.08241   9.88949   9.56969   9.12595   8.56297   7.88782   7.11056   6.24496   5.30917   4.32628   3.32462   2.33779   1.40409   0.56528  -0.13556  -0.65732  -0.96546  -1.03775  -0.87033  -0.48269   0.08085   0.75484   1.46271   2.13217   2.71188   3.18201   3.54991   3.82846   4.00913   4.05291   3.91376   3.57884   3.08878   2.52066   1.95313   1.44248   1.01770   0.68624   0.44189   0.27129   0.15846   0.08788   0.04616   0.02291   0.01072   0.00471   0.00195   0.00075   0.00027   0.00009   0.00003   0.00001   0.00000   0.00000   0.00000   0.00000   0.00000   0.00000   0.00000   0.00000   0.00000   0.00000   0.00000   0.00000   0.00000   0.00000   0.00000   0.00000   0.00000   0.00000 
 13.27437  13.20476  12.99628  12.65015  12.16867  11.55571  10.81725   9.96212   9.00267   7.95555   6.84229   5.68977   4.53023   3.40093   2.34306   1.39987   0.61376   0.02225  -0.34716  -0.48269  -0.39350  -0.11232   0.30685   0.79744   1.29464   1.75139   2.14844   2.49023   2.78446   3.01666   3.14202   3.10825   2.89444   2.53125   2.08552   1.62768   1.20918   0.85745   0.58085   0.37564   0.23154   0.13576   0.07555   0.03982   0.01982   0.00930   0.00410   0.00170   0.00066   0.00024   0.00008   0.00002   0.00001   0.00000   0.00000   0.00000   0.00000   0.00000   0.00000   0.00000   0.00000   0.00000   0.00000   0.00000   0.00000   0.00000   0.00000   0.00000   0.00000   0.00000   0.00000 
 16.13871  16.06554  15.84626  15.48172  14.97359  14.32488  13.54047  12.62784  11.59783  10.46541   9.25034   7.97768   6.67796   5.38694   4.14469   2.99393   1.97747   1.13457   0.49639   0.08085  -0.11232  -0.10463   0.06216   0.33284   0.65140   0.97578   1.28735   1.58736   1.87826   2.14039   2.32478   2.37496   2.26365   2.01229   1.67736   1.32059   0.98797   0.70485   0.48012   0.31209   0.19330   0.11385   0.06362   0.03366   0.01682   0.00792   0.00350   0.00145   0.00056   0.00020   0.00007   0.00002   0.00001   0.00000   0.00000   0.00000   0.00000   0.00000   0.00000   0.00000   0.00000   0.00000   0.00000   0.00000   0.00000   0.00000   0.00000   0.00000   0.00000   0.00000   0.00000 
 18.60430  18.52929  18.30436  17.93000  17.40728  16.73834  15.92694  14.97921  13.90437  12.71555  11.43053  10.07224   8.66911   7.25490   5.86800   4.54995   3.34322   2.28786   1.41754   0.75484   0.30685   0.06216  -0.00907   0.04998   0.19314   0.38392   0.60429   0.85192   1.12381   1.39581   1.61667   1.72820   1.69891   1.54217   1.30431   1.03798   0.78327   0.56299   0.38609   0.25253   0.15732   0.09316   0.05232   0.02781   0.01396   0.00660   0.00293   0.00122   0.00047   0.00017   0.00006   0.00002   0.00001   0.00000   0.00000   0.00000   0.00000   0.00000   0.00000   0.00000   0.00000   0.00000   0.00000   0.00000   0.00000   0.00000   0.00000   0.00000   0.00000   0.00000   0.00000 
 20.54005  20.46497  20.23973  19.86447  19.33970  18.66672  17.84821  16.88894  15.79646  14.58199  13.26111  11.85441  10.38781   8.89264   7.40502   5.96470   4.61306   3.39020   2.33135   1.46271   0.79744   0.33284   0.04998  -0.08262  -0.10117  -0.03621   0.09473   0.28527   0.52678   0.79140   1.02757   1.17807   1.20965   1.12909   0.97305   0.78505   0.59891   0.43455   0.30054   0.19811   0.12431   0.07411   0.04188   0.02239   0.01129   0.00536   0.00239   0.00100   0.00039   0.00014   0.00005   0.00002   0.00000   0.00000   0.00000   0.00000   0.00000   0.00000   0.00000   0.00000   0.00000   0.00000   0.00000   0.00000   0.00000   0.00000   0.00000   0.00000   0.00000   0.00000   0.00000 
 21.84140  21.76800  21.54773  21.18040  20.66601  20.00511  19.19936  18.25219  17.16954  15.96065  14.63881  13.22206  11.73355  10.20175   8.66003   7.14573   5.69845   4.35762   3.15923   2.13217   1.29464   0.65140   0.19314  -0.10117  -0.25838  -0.30347  -0.25365  -0.11958   0.08452   0.32796   0.56085   0.72953   0.80146   0.77847   0.68835   0.56563   0.43782   0.32163   0.22492   0.14977   0.09485   0.05702   0.03248   0.01748   0.00888   0.00424   0.00190   0.00080   0.00031   0.00011   0.00004   0.00001   0.00000   0.00000   0.00000   0.00000   0.00000   0.00000   0.00000   0.00000   0.00000   0.00000   0.00000   0.00000   0.00000   0.00000   0.00000   0.00000   0.00000   0.00000   0.00000 
 22.45345  22.38338  22.17300  21.82188  21.32958  20.69597  19.92180  19.00927  17.96276  16.78959  15.50076  14.11162  12.64239  11.11836   9.56972   8.03087   6.53903   5.13215   3.84619   2.71188   1.75139   0.97578   0.38392  -0.03621  -0.30347  -0.43806  -0.45722  -0.37577  -0.21295  -0.00117   0.21309   0.38193   0.47558   0.49251   0.45261   0.38195   0.30181   0.22560   0.16020   0.10815   0.06935   0.04216   0.02426   0.01318   0.00675   0.00325   0.00147   0.00062   0.00024   0.00009   0.00003   0.00001   0.00000   0.00000   0.00000   0.00000   0.00000   0.00000   0.00000   0.00000   0.00000   0.00000   0.00000   0.00000   0.00000   0.00000   0.00000   0.00000   0.00000   0.00000   0.00000 
 22.38560  22.32029  22.12413  21.79651  21.33660  20.74375  20.01791  19.16020  18.17358  17.06355  15.83889  14.51230  13.10094  11.62677  10.11650   8.60113   7.11487   5.69349   4.37204   3.18201   2.14844   1.28735   0.60429   0.09473  -0.25365  -0.45722  -0.53338  -0.50042  -0.38147  -0.20923  -0.02543   0.12916   0.22885   0.27004   0.26578   0.23442   0.19143   0.14699   0.10682   0.07358   0.04803   0.02966   0.01730   0.00952   0.00493   0.00239   0.00109   0.00046   0.00018   0.00007   0.00002   0.00001   0.00000   0.00000   0.00000   0.00000   0.00000   0.00000   0.00000   0.00000   0.00000   0.00000   0.00000   0.00000   0.00000   0.00000   0.00000   0.00000   0.00000   0.00000   0.00000 
 21.70693  21.64754  21.46909  21.17083  20.75167  20.21055  19.54679  18.76060  17.85372  16.83001  15.69617  14.46236  13.14275  11.75589  10.32482   8.87680   7.44253   6.05486   4.74695   3.54991   2.49023   1.58736   0.85192   0.28527  -0.11958  -0.37577  -0.50042  -0.51399  -0.44161  -0.31480  -0.16968  -0.03961   0.05417   0.10671   0.12533   0.12165   0.10597   0.08547   0.06464   0.04603   0.03090   0.01954   0.01163   0.00651   0.00342   0.00169   0.00078   0.00033   0.00013   0.00005   0.00002   0.00001   0.00000   0.00000   0.00000   0.00000   0.00000   0.00000   0.00000   0.00000   0.00000   0.00000   0.00000   0.00000   0.00000   0.00000   0.00000   0.00000   0.00000   0.00000   0.00000 
 20.51907  20.46641  20.30814  20.04341  19.67100  19.18955  18.59792  17.89564  17.08343  16.16374  15.14144  14.02435  12.82379  11.55499  10.23727   8.89395   7.55179   6.24008   4.98914   3.82846   2.78446   1.87826   1.12381   0.52678   0.08452  -0.21295  -0.38147  -0.44161  -0.41833  -0.34046  -0.23833  -0.13860  -0.05864  -0.00442   0.02665   0.04065   0.04354   0.03989   0.03299   0.02512   0.01776   0.01171   0.00721   0.00415   0.00223   0.00112   0.00053   0.00023   0.00009   0.00004   0.00001   0.00000   0.00000   0.00000   0.00000   0.00000   0.00000   0.00000   0.00000   0.00000   0.00000   0.00000   0.00000   0.00000   0.00000   0.00000   0.00000   0.00000   0.00000   0.00000   0.00000 
 18.91993  18.87445  18.73772  18.50887  18.18661  17.76945  17.25595  16.64516  15.93702  15.13286  14.23599  13.25216  12.19011  11.06196   9.88342   8.67382   7.45577   6.25449   5.09671   4.00913   3.01666   2.14039   1.39581   0.79140   0.32796  -0.00117  -0.20923  -0.31480  -0.34046  -0.31120  -0.25189  -0.18382  -0.12158  -0.07208  -0.03643  -0.01283   0.00129   0.00841   0.01074   0.01019   0.00825   0.00596   0.00392   0.00237   0.00133   0.00069   0.00033   0.00015   0.00006   0.00002   0.00001   0.00000   0.00000   0.00000   0.00000   0.00000   0.00000   0.00000   0.00000   0.00000   0.00000   0.00000   0.00000   0.00000   0.00000   0.00000   0.00000   0.00000   0.00000   0.00000   0.00000 
 16.98530  16.94710  16.83219  16.63974  16.36849  16.01691  15.58344  15.06684  14.46652  13.78297  13.01823  12.17635  11.26383  10.28997   9.26716   8.21089   7.13966   6.07441   5.03778   4.05291   3.14202   2.32478   1.61667   1.02757   0.56085   0.21309  -0.02543  -0.16968  -0.23833  -0.25189  -0.23044  -0.19127  -0.14714  -0.10581  -0.07099  -0.04386  -0.02426  -0.01127  -0.00356   0.00036   0.00185   0.00202   0.00163   0.00112   0.00068   0.00037   0.00019   0.00009   0.00004   0.00001   0.00001   0.00000   0.00000   0.00000   0.00000   0.00000   0.00000   0.00000   0.00000   0.00000   0.00000   0.00000   0.00000   0.00000   0.00000   0.00000   0.00000   0.00000   0.00000   0.00000   0.00000 
 14.78569  14.75451  14.66071  14.50351  14.28175  13.99396  13.63861  13.21432  12.72020  12.15617  11.52333  10.82437  10.06393   9.24893   8.38881   7.49563   6.58399   5.67069   4.77421   3.91376   3.10825   2.37496   1.72820   1.17807   0.72953   0.38193   0.12916  -0.03961  -0.13860  -0.18382  -0.19127  -0.17522  -0.14708  -0.11502  -0.08426  -0.05777  -0.03686  -0.02167  -0.01154  -0.00538  -0.00203  -0.00044   0.00016   0.00030   0.00025   0.00016   0.00009   0.00004   0.00002   0.00001   0.00000   0.00000   0.00000   0.00000   0.00000   0.00000   0.00000   0.00000   0.00000   0.00000   0.00000   0.00000   0.00000   0.00000   0.00000   0.00000   0.00000   0.00000   0.00000   0.00000   0.00000 
 12.42107  12.39640  12.32214  12.19764  12.02183  11.79342  11.51097  11.17314  10.77891  10.32785   9.82042   9.25830   8.64468   7.98452   7.28482   6.55467   5.80526   5.04965   4.30238   3.57884   2.89444   2.26365   1.69891   1.20965   0.80146   0.47558   0.22885   0.05417  -0.05864  -0.12158  -0.14714  -0.14708  -0.13147  -0.10821  -0.08305  -0.05970  -0.04021  -0.02533  -0.01485  -0.00805  -0.00398  -0.00176  -0.00066  -0.00019  -0.00001   0.00003   0.00003   0.00002   0.00001   0.00000   0.00000   0.00000   0.00000   0.00000   0.00000   0.00000   0.00000   0.00000   0.00000   0.00000   0.00000   0.00000   0.00000   0.00000   0.00000   0.00000   0.00000   0.00000   0.00000   0.00000   0.00000 
 10.03366  10.01476   9.95786   9.86239   9.72749   9.55201   9.33472   9.07439   8.77002   8.42101   8.02743   7.59024   7.11155   6.59482   6.04508   5.46899   4.87488   4.27261   3.67327   3.08878   2.53125   2.01229   1.54217   1.12909   0.77847   0.49251   0.27004   0.10671  -0.00442  -0.07208  -0.10581  -0.11502  -0.10821  -0.09247  -0.07321  -0.05419  -0.03763  -0.02454  -0.01502  -0.00860  -0.00459  -0.00227  -0.00103  -0.00042  -0.00015  -0.00004  -0.00001   0.00000   0.00000   0.00000   0.00000   0.00000   0.00000   0.00000   0.00000   0.00000   0.00000   0.00000   0.00000   0.00000   0.00000   0.00000   0.00000   0.00000   0.00000   0.00000   0.00000   0.00000   0.00000   0.00000   0.00000 
  7.78033   7.76633   7.72420   7.65347   7.55344   7.42317   7.26165   7.06783   6.84080   6.57996   6.28513   5.95683   5.59637   5.20611   4.78955   4.35144   3.89781   3.43587   2.97385   2.52066   2.08552   1.67736   1.30431   0.97305   0.68835   0.45261   0.26578   0.12533   0.02665  -0.03643  -0.07099  -0.08426  -0.08305  -0.07321  -0.05939  -0.04491  -0.03186  -0.02125  -0.01334  -0.00788  -0.00436  -0.00226  -0.00109  -0.00049  -0.00020  -0.00007  -0.00002  -0.00001  -0.00000  -0.00000   0.00000   0.00000   0.00000   0.00000   0.00000   0.00000   0.00000   0.00000   0.00000   0.00000   0.00000   0.00000   0.00000   0.00000   0.00000   0.00000   0.00000   0.00000   0.00000   0.00000   0.00000 
  5.78914   5.77915   5.74905   5.69850   5.62694   5.53366   5.41784   5.27866   5.11534   4.92733   4.71439   4.47671   4.21511   3.93112   3.62710   3.30635   2.97309   2.63244   2.29030   1.95313   1.62768   1.32059   1.03798   0.78505   0.56563   0.38195   0.23442   0.12165   0.04065  -0.01283  -0.04386  -0.05777  -0.05970  -0.05419  -0.04491  -0.03459  -0.02495  -0.01693  -0.01082  -0.00651  -0.00369  -0.00197  -0.00098  -0.00046  -0.00020  -0.00008  -0.00003  -0.00001  -0.00000  -0.00000  -0.00000  -0.00000   0.00000   0.00000   0.00000   0.00000   0.00000   0.00000   0.00000   0.00000   0.00000   0.00000   0.00000   0.00000   0.00000   0.00000   0.00000   0.00000   0.00000   0.00000   0.00000 
  4.13320   4.12633   4.10563   4.07083   4.02154   3.95722   3.87725   3.78101   3.66790   3.53744   3.38938   3.22376   3.04106   2.84223   2.62882   2.40302   2.16771   1.92638   1.68313   1.44248   1.20918   0.98797   0.78327   0.59891   0.43782   0.30181   0.19143   0.10597   0.04354   0.00129  -0.02426  -0.03686  -0.04021  -0.03763  -0.03186  -0.02495  -0.01826  -0.01257  -0.00815  -0.00498  -0.00287  -0.00156  -0.00079  -0.00038  -0.00017  -0.00007  -0.00003  -0.00001  -0.00000  -0.00000  -0.00000  -0.00000  -0.00000  -0.00000  -0.00000   0.00000   0.00000   0.00000   0.00000   0.00000   0.00000   0.00000   0.00000   0.00000   0.00000   0.00000   0.00000   0.00000   0.00000   0.00000   0.00000 
  2.83028   2.82573   2.81204   2.78902   2.75639   2.71375   2.66069   2.59672   2.52143   2.43443   2.33550   2.22462   2.10203   1.96831   1.82444   1.67182   1.51232   1.34827   1.18239   1.01770   0.85745   0.70485   0.56299   0.43455   0.32163   0.22560   0.14699   0.08547   0.03989   0.00841  -0.01127  -0.02167  -0.02533  -0.02454  -0.02125  -0.01693  -0.01257  -0.00876  -0.00575  -0.00355  -0.00207  -0.00114  -0.00059  -0.00029  -0.00013  -0.00006  -0.00002  -0.00001  -0.00000  -0.00000  -0.00000  -0.00000  -0.00000  -0.00000  -0.00000  -0.00000  -0.00000   0.00000   0.00000   0.00000   0.00000   0.00000   0.00000   0.00000   0.00000   0.00000   0.00000   0.00000   0.00000   0.00000   0.00000 
  1.85690   1.85402   1.84534   1.83073   1.81000   1.78289   1.74910   1.70833   1.66024   1.60460   1.54120   1.47000   1.39112   1.30489   1.21190   1.11301   1.00940   0.90254   0.79417   0.68624   0.58085   0.48012   0.38609   0.30054   0.22492   0.16020   0.10682   0.06464   0.03299   0.01074  -0.00356  -0.01154  -0.01485  -0.01502  -0.01334  -0.01082  -0.00815  -0.00575  -0.00381  -0.00238  -0.00141  -0.00078  -0.00041  -0.00020  -0.00009  -0.00004  -0.00002  -0.00001  -0.00000  -0.00000  -0.00000  -0.00000  -0.00000  -0.00000  -0.00000  -0.00000  -0.00000  -0.00000  -0.00000  -0.00000   0.00000   0.00000   0.00000   0.00000   0.00000   0.00000   0.00000   0.00000   0.00000   0.00000   0.00000 
  1.16543   1.16368   1.15840   1.14953   1.13692   1.12042   1.09982   1.07494   1.04554   1.01147   0.97258   0.92882   0.88025   0.82703   0.76951   0.70821   0.64382   0.57723   0.50952   0.44189   0.37564   0.31209   0.25253   0.19811   0.14977   0.10815   0.07358   0.04603   0.02512   0.01019   0.00036  -0.00538  -0.00805  -0.00860  -0.00788  -0.00651  -0.00498  -0.00355  -0.00238  -0.00150  -0.00090  -0.00050  -0.00027  -0.00013  -0.00006  -0.00003  -0.00001  -0.00000  -0.00000  -0.00000  -0.00000  -0.00000  -0.00000  -0.00000  -0.00000  -0.00000  -0.00000  -0.00000  -0.00000  -0.00000  -0.00000  -0.00000  -0.00000   0.00000   0.00000   0.00000   0.00000   0.00000   0.00000   0.00000   0.00000 
  0.69835   0.69733   0.69427   0.68912   0.68180   0.67220   0.66021   0.64570   0.62853   0.60860   0.58581   0.56013   0.53155   0.50019   0.46622   0.42993   0.39172   0.35212   0.31173   0.27129   0.23154   0.19330   0.15732   0.12431   0.09485   0.06935   0.04803   0.03090   0.01776   0.00825   0.00185  -0.00203  -0.00398  -0.00459  -0.00436  -0.00369  -0.00287  -0.00207  -0.00141  -0.00090  -0.00054  -0.00030  -0.00016  -0.00008  -0.00004  -0.00002  -0.00001  -0.00000  -0.00000  -0.00000  -0.00000  -0.00000  -0.00000  -0.00000  -0.00000  -0.00000  -0.00000  -0.00000  -0.00000  -0.00000  -0.00000  -0.00000  -0.00000  -0.00000  -0.00000   0.00000   0.00000   0.00000   0.00000   0.00000   0.00000 
  0.39867   0.39811   0.39642   0.39357   0.38951   0.38419   0.37753   0.36947   0.35991   0.34880   0.33608   0.32170   0.30569   0.28807   0.26895   0.24848   0.22688   0.20444   0.18150   0.15846   0.13576   0.11385   0.09316   0.07411   0.05702   0.04216   0.02966   0.01954   0.01171   0.00596   0.00202  -0.00044  -0.00176  -0.00227  -0.00226  -0.00197  -0.00156  -0.00114  -0.00078  -0.00050  -0.00030  -0.00017  -0.00009  -0.00005  -0.00002  -0.00001  -0.00000  -0.00000  -0.00000  -0.00000  -0.00000  -0.00000  -0.00000  -0.00000  -0.00000  -0.00000  -0.00000  -0.00000  -0.00000  -0.00000  -0.00000  -0.00000  -0.00000  -0.00000  -0.00000  -0.00000  -0.00000  -0.00000   0.00000   0.00000   0.00000 
  0.21633   0.21604   0.21515   0.21365   0.21151   0.20870   0.20519   0.20093   0.19587   0.18998   0.18322   0.17557   0.16704   0.15763   0.14740   0.13642   0.12481   0.11273   0.10034   0.08788   0.07555   0.06362   0.05232   0.04188   0.03248   0.02426   0.01730   0.01163   0.00721   0.00392   0.00163   0.00016  -0.00066  -0.00103  -0.00109  -0.00098  -0.00079  -0.00059  -0.00041  -0.00027  -0.00016  -0.00009  -0.00005  -0.00003  -0.00001  -0.00001  -0.00000  -0.00000  -0.00000  -0.00000  -0.00000  -0.00000  -0.00000  -0.00000  -0.00000  -0.00000  -0.00000  -0.00000  -0.00000  -0.00000  -0.00000  -0.00000  -0.00000  -0.00000  -0.00000  -0.00000  -0.00000  -0.00000  -0.00000  -0.00000  -0.00000 
  0.11132   0.11117   0.11073   0.10998   0.10891   0.10751   0.10575   0.10361   0.10107   0.09810   0.09470   0.09084   0.08652   0.08176   0.07656   0.07098   0.06507   0.05889   0.05255   0.04616   0.03982   0.03366   0.02781   0.02239   0.01748   0.01318   0.00952   0.00651   0.00415   0.00237   0.00112   0.00030  -0.00019  -0.00042  -0.00049  -0.00046  -0.00038  -0.00029  -0.00020  -0.00013  -0.00008  -0.00005  -0.00003  -0.00001  -0.00001  -0.00000  -0.00000  -0.00000  -0.00000  -0.00000  -0.00000  -0.00000  -0.00000  -0.00000  -0.00000  -0.00000  -0.00000  -0.00000  -0.00000  -0.00000  -0.00000  -0.00000  -0.00000  -0.00000  -0.00000  -0.00000  -0.00000  -0.00000  -0.00000  -0.00000  -0.00000 
  0.05419   0.05412   0.05391   0.05356   0.05305   0.05239   0.05155   0.05054   0.04933   0.04792   0.04629   0.04445   0.04238   0.04010   0.03760   0.03492   0.03207   0.02908   0.02601   0.02291   0.01982   0.01682   0.01396   0.01129   0.00888   0.00675   0.00493   0.00342   0.00223   0.00133   0.00068   0.00025  -0.00001  -0.00015  -0.00020  -0.00020  -0.00017  -0.00013  -0.00009  -0.00006  -0.00004  -0.00002  -0.00001  -0.00001  -0.00000  -0.00000  -0.00000  -0.00000  -0.00000  -0.00000  -0.00000  -0.00000  -0.00000  -0.00000  -0.00000  -0.00000  -0.00000  -0.00000  -0.00000  -0.00000  -0.00000  -0.00000  -0.00000  -0.00000  -0.00000  -0.00000  -0.00000  -0.00000  -0.00000  -0.00000  -0.00000 
  0.02489   0.02486   0.02477   0.02461   0.02438   0.02409   0.02371   0.02326   0.02272   0.02208   0.02135   0.02052   0.01959   0.01855   0.01742   0.01620   0.01490   0.01354   0.01214   0.01072   0.00930   0.00792   0.00660   0.00536   0.00424   0.00325   0.00239   0.00169   0.00112   0.00069   0.00037   0.00016   0.00003  -0.00004  -0.00007  -0.00008  -0.00007  -0.00006  -0.00004  -0.00003  -0.00002  -0.00001  -0.00001  -0.00000  -0.00000  -0.00000  -0.00000  -0.00000  -0.00000  -0.00000  -0.00000  -0.00000  -0.00000  -0.00000  -0.00000  -0.00000  -0.00000  -0.00000  -0.00000  -0.00000  -0.00000  -0.00000  -0.00000  -0.00000  -0.00000  -0.00000  -0.00000  -0.00000  -0.00000  -0.00000  -0.00000 
  0.01076   0.01075   0.01071   0.01064   0.01055   0.01042   0.01027   0.01007   0.00985   0.00958   0.00927   0.00891   0.00852   0.00808   0.00759   0.00707   0.00652   0.00593   0.00533   0.00471   0.00410   0.00350   0.00293   0.00239   0.00190   0.00147   0.00109   0.00078   0.00053   0.00033   0.00019   0.00009   0.00003  -0.00001  -0.00002  -0.00003  -0.00003  -0.00002  -0.00002  -0.00001  -0.00001  -0.00000  -0.00000  -0.00000  -0.00000  -0.00000  -0.00000  -0.00000  -0.00000  -0.00000  -0.00000  -0.00000  -0.00000  -0.00000  -0.00000  -0.00000  -0.00000  -0.00000  -0.00000  -0.00000  -0.00000  -0.00000  -0.00000  -0.00000  -0.00000  -0.00000  -0.00000  -0.00000  -0.00000  -0.00000  -0.00000 
  0.00437   0.00436   0.00435   0.00432   0.00428   0.00423   0.00417   0.00410   0.00401   0.00390   0.00377   0.00363   0.00348   0.00330   0.00311   0.00290   0.00267   0.00244   0.00219   0.00195   0.00170   0.00145   0.00122   0.00100   0.00080   0.00062   0.00046   0.00033   0.00023   0.00015   0.00009   0.00004   0.00002   0.00000  -0.00001  -0.00001  -0.00001  -0.00001  -0.00001  -0.00000  -0.00000  -0.00000  -0.00000  -0.00000  -0.00000  -0.00000  -0.00000  -0.00000  -0.00000  -0.00000  -0.00000  -0.00000  -0.00000  -0.00000  -0.00000  -0.00000  -0.00000  -0.00000  -0.00000  -0.00000  -0.00000  -0.00000  -0.00000  -0.00000  -0.00000  -0.00000  -0.00000  -0.00000  -0.00000  -0.00000  -0.00000 
  0.00166   0.00166   0.00165   0.00164   0.00163   0.00161   0.00159   0.00156   0.00153   0.00149   0.00144   0.00139   0.00133   0.00126   0.00119   0.00111   0.00103   0.00094   0.00084   0.00075   0.00066   0.00056   0.00047   0.00039   0.00031   0.00024   0.00018   0.00013   0.00009   0.00006   0.00004   0.00002   0.00001   0.00000  -0.00000  -0.00000  -0.00000  -0.00000  -0.00000  -0.00000  -0.00000  -0.00000  -0.00000  -0.00000  -0.00000  -0.00000  -0.00000  -0.00000  -0.00000  -0.00000  -0.00000  -0.00000  -0.00000  -0.00000  -0.00000  -0.00000  -0.00000  -0.00000  -0.00000  -0.00000  -0.00000  -0.00000  -0.00000  -0.00000  -0.00000  -0.00000  -0.00000  -0.00000  -0.00000  -0.00000  -0.00000 
  0.00059   0.00059   0.00059   0.00058   0.00058   0.00057   0.00056   0.00055   0.00054   0.00053   0.00051   0.00049   0.00047   0.00045   0.00042   0.00040   0.00037   0.00034   0.00030   0.00027   0.00024   0.00020   0.00017   0.00014   0.00011   0.00009   0.00007   0.00005   0.00004   0.00002   0.00001   0.00001   0.00000   0.00000  -0.00000  -0.00000  -0.00000  -0.00000  -0.00000  -0.00000  -0.00000  -0.00000  -0.00000  -0.00000  -0.00000  -0.00000  -0.00000  -0.00000  -0.00000  -0.00000  -0.00000  -0.00000  -0.00000  -0.00000  -0.00000  -0.00000  -0.00000  -0.00000  -0.00000  -0.00000  -0.00000  -0.00000  -0.00000  -0.00000  -0.00000  -0.00000  -0.00000  -0.00000  -0.00000  -0.00000  -0.00000 
  0.00019   0.00019   0.00019   0.00019   0.00019   0.00019   0.00019   0.00018   0.00018   0.00018   0.00017   0.00016   0.00016   0.00015   0.00014   0.00013   0.00012   0.00011   0.00010   0.00009   0.00008   0.00007   0.00006   0.00005   0.00004   0.00003   0.00002   0.00002   0.00001   0.00001   0.00001   0.00000   0.00000   0.00000   0.00000  -0.00000  -0.00000  -0.00000  -0.00000  -0.00000  -0.00000  -0.00000  -0.00000  -0.00000  -0.00000  -0.00000  -0.00000  -0.00000  -0.00000  -0.00000  -0.00000  -0.00000  -0.00000  -0.00000  -0.00000  -0.00000  -0.00000  -0.00000  -0.00000  -0.00000  -0.00000  -0.00000  -0.00000  -0.00000  -0.00000  -0.00000  -0.00000  -0.00000  -0.00000  -0.00000  -0.00000 
  0.00006   0.00006   0.00006   0.00006   0.00006   0.00006   0.00006   0.00006   0.00006   0.00005   0.00005   0.00005   0.00005   0.00005   0.00004   0.00004   0.00004   0.00003   0.00003   0.00003   0.00002   0.00002   0.00002   0.00002   0.00001   0.00001   0.00001   0.00001   0.00000   0.00000   0.00000   0.00000   0.00000   0.00000   0.00000  -0.00000  -0.00000  -0.00000  -0.00000  -0.00000  -0.00000  -0.00000  -0.00000  -0.00000  -0.00000  -0.00000  -0.00000  -0.00000  -0.00000  -0.00000  -0.00000  -0.00000  -0.00000  -0.00000  -0.00000  -0.00000  -0.00000  -0.00000  -0.00000  -0.00000  -0.00000  -0.00000  -0.00000  -0.00000  -0.00000  -0.00000  -0.00000  -0.00000  -0.00000  -0.00000  -0.00000 
  0.00002   0.00002   0.00002   0.00002   0.00002   0.00002   0.00002   0.00002   0.00002   0.00002   0.00001   0.00001   0.00001   0.00001   0.00001   0.00001   0.00001   0.00001   0.00001   0.00001   0.00001   0.00001   0.00001   0.00000   0.00000   0.00000   0.00000   0.00000   0.00000   0.00000   0.00000   0.00000   0.00000   0.00000   0.00000   0.00000  -0.00000  -0.00000  -0.00000  -0.00000  -0.00000  -0.00000  -0.00000  -0.00000  -0.00000  -0.00000  -0.00000  -0.00000  -0.00000  -0.00000  -0.00000  -0.00000  -0.00000  -0.00000  -0.00000  -0.00000  -0.00000  -0.00000  -0.00000  -0.00000  -0.00000  -0.00000  -0.00000  -0.00000  -0.00000  -0.00000  -0.00000  -0.00000  -0.00000  -0.00000  -0.00000 
  0.00000   0.00000   0.00000   0.00000   0.00000   0.00000   0.00000   0.00000   0.00000   0.00000   0.00000   0.00000   0.00000   0.00000   0.00000   0.00000   0.00000   0.00000   0.00000   0.00000   0.00000   0.00000   0.00000   0.00000   0.00000   0.00000   0.00000   0.00000   0.00000   0.00000   0.00000   0.00000   0.00000   0.00000   0.00000   0.00000  -0.00000  -0.00000  -0.00000  -0.00000  -0.00000  -0.00000  -0.00000  -0.00000  -0.00000  -0.00000  -0.00000  -0.00000  -0.00000  -0.00000  -0.00000  -0.00000  -0.00000  -0.00000  -0.00000  -0.00000  -0.00000  -0.00000  -0.00000  -0.00000  -0.00000  -0.00000  -0.00000  -0.00000  -0.00000  -0.00000  -0.00000  -0.00000  -0.00000  -0.00000  -0.00000 
  0.00000   0.00000   0.00000   0.00000   0.00000   0.00000   0.00000   0.00000   0.00000   0.00000   0.00000   0.00000   0.00000   0.00000   0.00000   0.00000   0.00000   0.00000   0.00000   0.00000   0.00000   0.00000   0.00000   0.00000   0.00000   0.00000   0.00000   0.00000   0.00000   0.00000   0.00000   0.00000   0.00000   0.00000   0.00000   0.00000  -0.00000  -0.00000  -0.00000  -0.00000  -0.00000  -0.00000  -0.00000  -0.00000  -0.00000  -0.00000  -0.00000  -0.00000  -0.00000  -0.00000  -0.00000  -0.00000  -0.00000  -0.00000  -0.00000  -0.00000  -0.00000  -0.00000  -0.00000  -0.00000  -0.00000  -0.00000  -0.00000  -0.00000  -0.00000  -0.00000  -0.00000  -0.00000  -0.00000  -0.00000  -0.00000 
