# nsuite/meq/v0.2.5n 
# 
# momentum space matrix elements 
# partial wave J=1, L=2/2, S=1, T=0, MT=0 
# 
# momentum grid [fm^-1]
0.000000 0.050000 0.100000 0.150000 0.200000 0.250000 0.300000 0.350000 0.400000 0.450000 0.500000 0.550000 0.600000 0.650000 0.700000 0.750000 0.800000 0.850000 0.900000 0.950000 1.000000 1.050000 1.100000 1.150000 1.200000 1.250000 1.300000 1.350000 1.400000 1.450000 1.500000 1.550000 1.600000 1.650000 1.700000 1.750000 1.800000 1.850000 1.900000 1.950000 2.000000 2.050000 2.100000 2.150000 2.200000 2.250000 2.300000 2.350000 2.400000 2.450000 2.500000 2.550000 2.600000 2.650000 2.700000 2.750000 2.800000 2.850000 2.900000 2.950000 3.000000 3.050000 3.100000 3.150000 3.200000 3.250000 3.300000 3.350000 3.400000 3.450000 3.500000 3.550000 3.600000 3.650000 3.700000 3.750000 3.800000 3.850000 3.900000 3.950000 4.000000 4.050000 4.100000 4.150000 4.200000 4.250000 4.300000 4.350000 4.400000 4.450000 4.500000 4.550000 4.600000 4.650000 4.700000 4.750000 4.800000 4.850000 4.900000 4.950000 5.000000 5.050000 5.100000 5.150000 5.200000 5.250000 5.300000 5.350000 5.400000 5.450000 5.500000 5.550000 5.600000 5.650000 5.700000 5.750000 5.800000 5.850000 5.900000 5.950000 6.000000 6.050000 6.100000 6.150000 6.200000 6.250000 6.300000 6.350000 6.400000 6.450000 6.500000 6.550000 6.600000 6.650000 6.700000 6.750000 6.800000 6.850000 6.900000 6.950000 7.000000 
#
# matrix elements [MeV fm^3] 
  0.00197   0.00000   0.00000   0.00000   0.00000   0.00000   0.00000   0.00000   0.00000   0.00000   0.00000   0.00000   0.00000   0.00000   0.00000   0.00000   0.00000   0.00000   0.00000   0.00000   0.00000   0.00000   0.00000   0.00000   0.00000   0.00000   0.00000   0.00000   0.00000   0.00000   0.00000   0.00000   0.00000   0.00000   0.00000   0.00000   0.00000   0.00000   0.00000   0.00000   0.00000   0.00000   0.00000   0.00000   0.00000  -0.00000  -0.00000   0.00000   0.00000   0.00000  -0.00000   0.00000   0.00000   0.00000   0.00000  -0.00000  -0.00000  -0.00000  -0.00000  -0.00000  -0.00000  -0.00000  -0.00000  -0.00000  -0.00000  -0.00000  -0.00000  -0.00000  -0.00000  -0.00000   0.00000   0.00000  -0.00000  -0.00000  -0.00000  -0.00000  -0.00000  -0.00000  -0.00000  -0.00000  -0.00000  -0.00000  -0.00000  -0.00000  -0.00000  -0.00000   0.00000  -0.00000  -0.00000   0.00000  -0.00000  -0.00000  -0.00000  -0.00000   0.00000  -0.00000  -0.00000  -0.00000  -0.00000  -0.00000  -0.00000  -0.00000  -0.00000  -0.00000  -0.00000  -0.00000   0.00000  -0.00000  -0.00000  -0.00000  -0.00000  -0.00000   0.00000  -0.00000  -0.00000  -0.00000   0.00000  -0.00000  -0.00000  -0.00000  -0.00000  -0.00000  -0.00000  -0.00000  -0.00000  -0.00000  -0.00000   0.00000  -0.00000  -0.00000  -0.00000  -0.00000  -0.00000   0.00000  -0.00000  -0.00000   0.00000  -0.00000  -0.00000  -0.00000  -0.00000 
  0.00000   0.00064   0.00246   0.00522   0.00855   0.01209   0.01548   0.01848   0.02093   0.02276   0.02397   0.02462   0.02478   0.02455   0.02399   0.02320   0.02224   0.02116   0.02001   0.01883   0.01764   0.01647   0.01532   0.01420   0.01314   0.01212   0.01116   0.01025   0.00940   0.00860   0.00786   0.00717   0.00653   0.00593   0.00538   0.00487   0.00441   0.00397   0.00357   0.00319   0.00285   0.00252   0.00221   0.00192   0.00165   0.00139   0.00114   0.00091   0.00069   0.00049   0.00031   0.00015   0.00001  -0.00009  -0.00017  -0.00023  -0.00025  -0.00026  -0.00024  -0.00021  -0.00017  -0.00012  -0.00008  -0.00004  -0.00000   0.00003   0.00005   0.00006   0.00007   0.00008   0.00008   0.00007   0.00007   0.00006   0.00006   0.00005   0.00004   0.00004   0.00003   0.00002   0.00002   0.00001   0.00001   0.00001   0.00001   0.00000   0.00000   0.00000   0.00000   0.00000   0.00000   0.00000   0.00000   0.00000   0.00000   0.00000   0.00000   0.00000   0.00000   0.00000   0.00000   0.00000   0.00000   0.00000   0.00000   0.00000   0.00000   0.00000   0.00000   0.00000   0.00000   0.00000   0.00000   0.00000   0.00000   0.00000   0.00000   0.00000   0.00000   0.00000   0.00000   0.00000   0.00000   0.00000   0.00000   0.00000   0.00000   0.00000   0.00000   0.00000   0.00000   0.00000   0.00000   0.00000   0.00000   0.00000   0.00000   0.00000   0.00000   0.00000   0.00000 
  0.00000   0.00246   0.00950   0.02018   0.03315   0.04696   0.06031   0.07220   0.08198   0.08936   0.09434   0.09709   0.09790   0.09711   0.09505   0.09202   0.08829   0.08409   0.07959   0.07494   0.07025   0.06559   0.06104   0.05663   0.05239   0.04836   0.04453   0.04092   0.03753   0.03435   0.03139   0.02863   0.02607   0.02370   0.02151   0.01948   0.01761   0.01588   0.01427   0.01278   0.01138   0.01008   0.00885   0.00769   0.00659   0.00555   0.00457   0.00364   0.00277   0.00197   0.00124   0.00061   0.00007  -0.00037  -0.00069  -0.00090  -0.00101  -0.00102  -0.00096  -0.00083  -0.00067  -0.00049  -0.00031  -0.00015  -0.00000   0.00011   0.00020   0.00026   0.00029   0.00031   0.00031   0.00030   0.00028   0.00026   0.00023   0.00020   0.00017   0.00014   0.00012   0.00010   0.00008   0.00006   0.00005   0.00004   0.00003   0.00002   0.00001   0.00001   0.00001   0.00000   0.00000   0.00000   0.00000   0.00000   0.00000   0.00000   0.00000   0.00000   0.00000   0.00000   0.00000   0.00000   0.00000   0.00000   0.00000   0.00000   0.00000   0.00000   0.00000   0.00000   0.00000   0.00000   0.00000   0.00000   0.00000   0.00000   0.00000   0.00000   0.00000   0.00000   0.00000   0.00000   0.00000   0.00000   0.00000   0.00000   0.00000   0.00000   0.00000   0.00000   0.00000   0.00000   0.00000   0.00000   0.00000   0.00000   0.00000   0.00000   0.00000   0.00000   0.00000 
  0.00000   0.00522   0.02018   0.04295   0.07081   0.10073   0.12993   0.15621   0.17812   0.19495   0.20656   0.21329   0.21571   0.21452   0.21043   0.20412   0.19618   0.18712   0.17733   0.16715   0.15683   0.14656   0.13648   0.12670   0.11729   0.10831   0.09978   0.09173   0.08416   0.07706   0.07044   0.06427   0.05855   0.05324   0.04833   0.04379   0.03959   0.03570   0.03209   0.02874   0.02562   0.02269   0.01993   0.01733   0.01486   0.01252   0.01030   0.00821   0.00626   0.00446   0.00283   0.00139   0.00018  -0.00080  -0.00153  -0.00201  -0.00225  -0.00228  -0.00214  -0.00186  -0.00150  -0.00109  -0.00069  -0.00032   0.00000   0.00026   0.00045   0.00059   0.00067   0.00070   0.00070   0.00068   0.00063   0.00058   0.00051   0.00045   0.00038   0.00032   0.00026   0.00021   0.00017   0.00013   0.00010   0.00008   0.00006   0.00004   0.00003   0.00002   0.00002   0.00001   0.00001   0.00001   0.00000   0.00000   0.00000   0.00000   0.00000   0.00000   0.00000   0.00000   0.00000   0.00000   0.00000   0.00000   0.00000   0.00000   0.00000   0.00000   0.00000   0.00000   0.00000   0.00000   0.00000   0.00000   0.00000   0.00000   0.00000   0.00000   0.00000   0.00000   0.00000   0.00000   0.00000   0.00000   0.00000   0.00000   0.00000   0.00000   0.00000   0.00000   0.00000   0.00000   0.00000   0.00000   0.00000   0.00000   0.00000   0.00000   0.00000   0.00000   0.00000 
  0.00000   0.00855   0.03315   0.07081   0.11725   0.16767   0.21751   0.26304   0.30166   0.33195   0.35350   0.36668   0.37235   0.37162   0.36569   0.35569   0.34267   0.32751   0.31093   0.29353   0.27576   0.25800   0.24050   0.22347   0.20704   0.19132   0.17637   0.16223   0.14892   0.13643   0.12476   0.11389   0.10379   0.09442   0.08575   0.07772   0.07029   0.06341   0.05703   0.05110   0.04556   0.04036   0.03548   0.03086   0.02648   0.02233   0.01839   0.01468   0.01121   0.00800   0.00511   0.00256   0.00040  -0.00134  -0.00264  -0.00350  -0.00394  -0.00400  -0.00375  -0.00326  -0.00262  -0.00191  -0.00120  -0.00054   0.00002   0.00048   0.00082   0.00106   0.00120   0.00126   0.00126   0.00121   0.00113   0.00103   0.00091   0.00080   0.00068   0.00057   0.00047   0.00038   0.00030   0.00024   0.00019   0.00014   0.00011   0.00008   0.00006   0.00004   0.00003   0.00002   0.00001   0.00001   0.00001   0.00000   0.00000   0.00000   0.00000   0.00000   0.00000   0.00000   0.00000   0.00000   0.00000   0.00000   0.00000   0.00000   0.00000   0.00000   0.00000   0.00000   0.00000   0.00000   0.00000   0.00000   0.00000   0.00000   0.00000   0.00000   0.00000   0.00000   0.00000   0.00000   0.00000   0.00000   0.00000   0.00000   0.00000   0.00000   0.00000   0.00000   0.00000   0.00000   0.00000   0.00000   0.00000   0.00000   0.00000   0.00000   0.00000   0.00000   0.00000 
  0.00000   0.01209   0.04696   0.10073   0.16767   0.24126   0.31509   0.38370   0.44309   0.49084   0.52597   0.54871   0.56006   0.56153   0.55479   0.54153   0.52330   0.50147   0.47717   0.45136   0.42478   0.39802   0.37151   0.34560   0.32052   0.29646   0.27352   0.25178   0.23128   0.21202   0.19401   0.17721   0.16158   0.14707   0.13362   0.12117   0.10965   0.09897   0.08905   0.07983   0.07121   0.06314   0.05553   0.04833   0.04151   0.03504   0.02889   0.02310   0.01767   0.01267   0.00814   0.00416   0.00078  -0.00195  -0.00399  -0.00534  -0.00603  -0.00614  -0.00575  -0.00500  -0.00401  -0.00291  -0.00181  -0.00080   0.00008   0.00078   0.00131   0.00168   0.00189   0.00198   0.00198   0.00190   0.00177   0.00161   0.00143   0.00125   0.00106   0.00089   0.00074   0.00060   0.00048   0.00037   0.00029   0.00022   0.00017   0.00012   0.00009   0.00006   0.00004   0.00003   0.00002   0.00001   0.00001   0.00001   0.00000   0.00000   0.00000   0.00000   0.00000   0.00000   0.00000   0.00000   0.00000   0.00000   0.00000   0.00000   0.00000   0.00000   0.00000   0.00000   0.00000   0.00000   0.00000   0.00000   0.00000   0.00000   0.00000   0.00000   0.00000   0.00000   0.00000   0.00000   0.00000   0.00000   0.00000   0.00000   0.00000   0.00000   0.00000   0.00000   0.00000   0.00000   0.00000   0.00000   0.00000   0.00000   0.00000   0.00000   0.00000   0.00000   0.00000 
  0.00000   0.01548   0.06031   0.12993   0.21751   0.31509   0.41458   0.50882   0.59222   0.66108   0.71358   0.74945   0.76967   0.77593   0.77037   0.75518   0.73249   0.70422   0.67200   0.63722   0.60097   0.56416   0.52745   0.49137   0.45631   0.42253   0.39024   0.35956   0.33056   0.30328   0.27772   0.25385   0.23161   0.21096   0.19179   0.17403   0.15758   0.14232   0.12814   0.11494   0.10261   0.09103   0.08012   0.06980   0.06001   0.05071   0.04188   0.03355   0.02574   0.01854   0.01202   0.00627   0.00139  -0.00254  -0.00549  -0.00746  -0.00847  -0.00864  -0.00811  -0.00705  -0.00564  -0.00407  -0.00250  -0.00106   0.00019   0.00119   0.00194   0.00246   0.00276   0.00289   0.00287   0.00276   0.00257   0.00233   0.00207   0.00180   0.00154   0.00129   0.00106   0.00086   0.00069   0.00054   0.00042   0.00032   0.00024   0.00018   0.00013   0.00009   0.00006   0.00004   0.00003   0.00002   0.00001   0.00001   0.00001   0.00000   0.00000   0.00000   0.00000   0.00000   0.00000   0.00000   0.00000   0.00000   0.00000   0.00000   0.00000   0.00000   0.00000   0.00000   0.00000   0.00000   0.00000   0.00000   0.00000   0.00000   0.00000   0.00000   0.00000   0.00000   0.00000   0.00000   0.00000   0.00000   0.00000   0.00000   0.00000   0.00000   0.00000   0.00000   0.00000   0.00000   0.00000   0.00000   0.00000   0.00000   0.00000   0.00000   0.00000   0.00000   0.00000 
  0.00000   0.01848   0.07220   0.15621   0.26304   0.38370   0.50882   0.62970   0.73919   0.83212   0.90550   0.95830   0.99107   1.00551   1.00398   0.98916   0.96369   0.93009   0.89054   0.84694   0.80082   0.75346   0.70582   0.65869   0.61263   0.56806   0.52530   0.48455   0.44593   0.40953   0.37535   0.34337   0.31355   0.28581   0.26004   0.23614   0.21397   0.19339   0.17426   0.15643   0.13976   0.12410   0.10933   0.09534   0.08206   0.06944   0.05745   0.04612   0.03551   0.02571   0.01682   0.00899   0.00234  -0.00304  -0.00708  -0.00977  -0.01119  -0.01145  -0.01075  -0.00934  -0.00745  -0.00535  -0.00324  -0.00129   0.00038   0.00173   0.00273   0.00341   0.00381   0.00397   0.00395   0.00378   0.00352   0.00319   0.00283   0.00246   0.00210   0.00176   0.00145   0.00118   0.00094   0.00074   0.00057   0.00043   0.00033   0.00024   0.00017   0.00012   0.00009   0.00006   0.00004   0.00003   0.00002   0.00001   0.00001   0.00000   0.00000   0.00000   0.00000   0.00000   0.00000   0.00000   0.00000   0.00000   0.00000   0.00000   0.00000   0.00000   0.00000   0.00000   0.00000   0.00000   0.00000   0.00000   0.00000   0.00000   0.00000   0.00000   0.00000   0.00000   0.00000   0.00000   0.00000   0.00000   0.00000   0.00000   0.00000   0.00000   0.00000   0.00000   0.00000   0.00000   0.00000   0.00000   0.00000   0.00000   0.00000   0.00000   0.00000   0.00000   0.00000 
  0.00000   0.02093   0.08198   0.17812   0.30166   0.44309   0.59222   0.73919   0.87542   0.99431   1.09145   1.16472   1.21393   1.24041   1.24653   1.23521   1.20957   1.17264   1.12721   1.07572   1.02023   0.96242   0.90368   0.84506   0.78740   0.73131   0.67725   0.62554   0.57639   0.52993   0.48621   0.44524   0.40696   0.37129   0.33812   0.30731   0.27870   0.25212   0.22738   0.20430   0.18269   0.16238   0.14320   0.12503   0.10776   0.09133   0.07571   0.06094   0.04709   0.03429   0.02269   0.01244   0.00373  -0.00333  -0.00864  -0.01220  -0.01409  -0.01448  -0.01362  -0.01181  -0.00940  -0.00669  -0.00398  -0.00148   0.00068   0.00241   0.00369   0.00456   0.00506   0.00526   0.00521   0.00499   0.00463   0.00420   0.00372   0.00323   0.00276   0.00231   0.00190   0.00154   0.00123   0.00097   0.00075   0.00057   0.00043   0.00031   0.00023   0.00016   0.00011   0.00008   0.00005   0.00004   0.00002   0.00002   0.00001   0.00001   0.00000   0.00000   0.00000   0.00000   0.00000   0.00000   0.00000   0.00000   0.00000   0.00000   0.00000   0.00000   0.00000   0.00000   0.00000   0.00000   0.00000   0.00000   0.00000   0.00000   0.00000   0.00000   0.00000   0.00000   0.00000   0.00000   0.00000   0.00000   0.00000   0.00000   0.00000   0.00000   0.00000   0.00000   0.00000   0.00000   0.00000   0.00000   0.00000   0.00000   0.00000   0.00000   0.00000   0.00000   0.00000 
  0.00000   0.02276   0.08936   0.19495   0.33195   0.49084   0.66108   0.83212   0.99431   1.13967   1.26241   1.35904   1.42832   1.47085   1.48865   1.48464   1.46221   1.42482   1.37581   1.31817   1.25452   1.18707   1.11762   1.04762   0.97820   0.91024   0.84440   0.78113   0.72078   0.66355   0.60955   0.55882   0.51134   0.46702   0.42573   0.38733   0.35162   0.31840   0.28745   0.25854   0.23144   0.20593   0.18183   0.15897   0.13722   0.11650   0.09679   0.07814   0.06063   0.04443   0.02974   0.01675   0.00569  -0.00329  -0.01006  -0.01462  -0.01708  -0.01764  -0.01662  -0.01440  -0.01141  -0.00805  -0.00468  -0.00156   0.00112   0.00326   0.00485   0.00592   0.00653   0.00675   0.00668   0.00637   0.00591   0.00535   0.00474   0.00411   0.00350   0.00293   0.00242   0.00196   0.00156   0.00123   0.00095   0.00072   0.00054   0.00040   0.00029   0.00021   0.00015   0.00010   0.00007   0.00005   0.00003   0.00002   0.00001   0.00001   0.00000   0.00000   0.00000   0.00000   0.00000   0.00000   0.00000   0.00000   0.00000   0.00000   0.00000   0.00000   0.00000   0.00000   0.00000   0.00000   0.00000   0.00000   0.00000   0.00000   0.00000   0.00000   0.00000   0.00000   0.00000   0.00000   0.00000   0.00000   0.00000   0.00000   0.00000   0.00000   0.00000   0.00000   0.00000   0.00000   0.00000   0.00000   0.00000   0.00000   0.00000   0.00000   0.00000   0.00000   0.00000 
  0.00000   0.02397   0.09434   0.20656   0.35350   0.52597   0.71358   0.90550   1.09145   1.26241   1.41124   1.53309   1.62537   1.68765   1.72124   1.72871   1.71345   1.67917   1.62965   1.56839   1.49859   1.42298   1.34386   1.26314   1.18231   1.10256   1.02480   0.94971   0.87776   0.80928   0.74446   0.68341   0.62613   0.57255   0.52255   0.47596   0.43257   0.39214   0.35442   0.31914   0.28603   0.25483   0.22531   0.19727   0.17056   0.14509   0.12084   0.09787   0.07629   0.05629   0.03813   0.02207   0.00836  -0.00278  -0.01121  -0.01693  -0.02005  -0.02083  -0.01967  -0.01703  -0.01342  -0.00936  -0.00527  -0.00150   0.00174   0.00433   0.00624   0.00752   0.00823   0.00847   0.00835   0.00795   0.00736   0.00666   0.00589   0.00511   0.00435   0.00364   0.00300   0.00243   0.00193   0.00152   0.00117   0.00089   0.00067   0.00049   0.00036   0.00026   0.00018   0.00012   0.00008   0.00006   0.00004   0.00002   0.00002   0.00001   0.00001   0.00000   0.00000   0.00000   0.00000   0.00000   0.00000   0.00000   0.00000   0.00000   0.00000   0.00000   0.00000   0.00000   0.00000   0.00000   0.00000   0.00000   0.00000   0.00000   0.00000   0.00000   0.00000   0.00000   0.00000   0.00000   0.00000   0.00000   0.00000   0.00000   0.00000   0.00000   0.00000   0.00000   0.00000   0.00000   0.00000   0.00000   0.00000   0.00000   0.00000   0.00000   0.00000   0.00000   0.00000 
  0.00000   0.02462   0.09709   0.21329   0.36668   0.54871   0.74945   0.95830   1.16472   1.35904   1.53309   1.68067   1.79782   1.88281   1.93593   1.95904   1.95520   1.92811   1.88177   1.82014   1.74688   1.66529   1.57821   1.48802   1.39666   1.30568   1.21631   1.12946   1.04582   0.96588   0.88994   0.81818   0.75067   0.68737   0.62817   0.57290   0.52134   0.47322   0.42825   0.38612   0.34652   0.30915   0.27374   0.24007   0.20794   0.17728   0.14804   0.12031   0.09423   0.07005   0.04805   0.02857   0.01192  -0.00164  -0.01195  -0.01897  -0.02287  -0.02394  -0.02266  -0.01959  -0.01535  -0.01055  -0.00572  -0.00125   0.00258   0.00564   0.00788   0.00936   0.01018   0.01043   0.01025   0.00973   0.00900   0.00812   0.00717   0.00622   0.00529   0.00443   0.00364   0.00295   0.00235   0.00184   0.00142   0.00108   0.00081   0.00060   0.00043   0.00031   0.00022   0.00015   0.00010   0.00007   0.00005   0.00003   0.00002   0.00001   0.00001   0.00000   0.00000   0.00000   0.00000   0.00000   0.00000   0.00000   0.00000   0.00000   0.00000   0.00000   0.00000   0.00000   0.00000   0.00000   0.00000   0.00000   0.00000   0.00000   0.00000   0.00000   0.00000   0.00000   0.00000   0.00000   0.00000   0.00000   0.00000   0.00000   0.00000   0.00000   0.00000   0.00000   0.00000   0.00000   0.00000   0.00000   0.00000   0.00000   0.00000   0.00000   0.00000   0.00000   0.00000 
  0.00000   0.02478   0.09790   0.21571   0.37235   0.56006   0.76967   0.99107   1.21393   1.42832   1.62537   1.79782   1.94039   2.04997   2.12558   2.16808   2.17983   2.16420   2.12519   2.06696   1.99359   1.90887   1.81616   1.71836   1.61790   1.51674   1.41649   1.31836   1.22329   1.13196   1.04484   0.96222   0.88423   0.81091   0.74218   0.67786   0.61773   0.56150   0.50886   0.45945   0.41294   0.36897   0.32724   0.28749   0.24953   0.21322   0.17857   0.14565   0.11467   0.08589   0.05969   0.03645   0.01654   0.00030  -0.01210  -0.02061  -0.02540  -0.02684  -0.02548  -0.02199  -0.01711  -0.01156  -0.00594  -0.00075   0.00369   0.00723   0.00981   0.01149   0.01239   0.01264   0.01237   0.01173   0.01082   0.00975   0.00860   0.00745   0.00633   0.00529   0.00435   0.00352   0.00280   0.00220   0.00170   0.00129   0.00097   0.00071   0.00052   0.00037   0.00026   0.00018   0.00012   0.00008   0.00005   0.00004   0.00002   0.00001   0.00001   0.00001   0.00000   0.00000   0.00000   0.00000   0.00000   0.00000   0.00000   0.00000   0.00000   0.00000   0.00000   0.00000   0.00000   0.00000   0.00000   0.00000   0.00000   0.00000   0.00000   0.00000   0.00000   0.00000   0.00000   0.00000   0.00000   0.00000   0.00000   0.00000   0.00000   0.00000   0.00000   0.00000   0.00000   0.00000   0.00000   0.00000   0.00000   0.00000   0.00000   0.00000   0.00000   0.00000   0.00000 
  0.00000   0.02455   0.09711   0.21452   0.37162   0.56153   0.77593   1.00551   1.24041   1.47085   1.68765   1.88281   2.04997   2.18471   2.28468   2.34950   2.38055   2.38053   2.35311   2.30242   2.23278   2.14833   2.05293   1.94998   1.84240   1.73264   1.62270   1.51418   1.40830   1.30599   1.20790   1.11449   1.02600   0.94254   0.86407   0.79046   0.72148   0.65683   0.59618   0.53914   0.48534   0.43439   0.38594   0.33972   0.29548   0.25313   0.21264   0.17412   0.13781   0.10405   0.07326   0.04590   0.02243   0.00322  -0.01149  -0.02167  -0.02749  -0.02940  -0.02801  -0.02413  -0.01861  -0.01228  -0.00587   0.00005   0.00512   0.00913   0.01205   0.01393   0.01490   0.01512   0.01475   0.01394   0.01284   0.01155   0.01018   0.00880   0.00748   0.00625   0.00513   0.00415   0.00330   0.00259   0.00200   0.00152   0.00114   0.00084   0.00061   0.00043   0.00031   0.00021   0.00014   0.00010   0.00006   0.00004   0.00003   0.00002   0.00001   0.00001   0.00000   0.00000   0.00000   0.00000   0.00000   0.00000   0.00000   0.00000   0.00000   0.00000   0.00000   0.00000   0.00000   0.00000   0.00000   0.00000   0.00000   0.00000   0.00000   0.00000   0.00000   0.00000   0.00000   0.00000   0.00000   0.00000   0.00000   0.00000   0.00000   0.00000   0.00000   0.00000   0.00000   0.00000   0.00000   0.00000   0.00000   0.00000   0.00000   0.00000   0.00000   0.00000   0.00000 
  0.00000   0.02399   0.09505   0.21043   0.36569   0.55479   0.77037   1.00398   1.24653   1.48865   1.72124   1.93593   2.12558   2.28468   2.40957   2.49856   2.55179   2.57103   2.55928   2.52036   2.45855   2.37822   2.28356   2.17845   2.06628   1.95001   1.83208   1.71448   1.59880   1.48625   1.37773   1.27387   1.17507   1.08153   0.99331   0.91030   0.83231   0.75903   0.69011   0.62516   0.56376   0.50549   0.44998   0.39690   0.34601   0.29721   0.25047   0.20594   0.16390   0.12476   0.08900   0.05718   0.02981   0.00735  -0.00993  -0.02196  -0.02898  -0.03145  -0.03012  -0.02589  -0.01975  -0.01265  -0.00544   0.00122   0.00691   0.01141   0.01464   0.01670   0.01772   0.01789   0.01738   0.01639   0.01506   0.01352   0.01190   0.01028   0.00873   0.00728   0.00598   0.00483   0.00384   0.00301   0.00232   0.00177   0.00132   0.00097   0.00071   0.00050   0.00035   0.00025   0.00017   0.00011   0.00007   0.00005   0.00003   0.00002   0.00001   0.00001   0.00000   0.00000   0.00000   0.00000   0.00000   0.00000   0.00000   0.00000   0.00000   0.00000   0.00000   0.00000   0.00000   0.00000   0.00000   0.00000   0.00000   0.00000   0.00000   0.00000   0.00000   0.00000   0.00000   0.00000   0.00000   0.00000   0.00000   0.00000   0.00000   0.00000   0.00000   0.00000   0.00000   0.00000   0.00000   0.00000   0.00000   0.00000   0.00000   0.00000   0.00000   0.00000   0.00000 
  0.00000   0.02320   0.09202   0.20412   0.35569   0.54153   0.75518   0.98916   1.23521   1.48464   1.72871   1.95904   2.16808   2.34950   2.49856   2.61226   2.68948   2.73080   2.73828   2.71514   2.66532   2.59317   2.50307   2.39924   2.28551   2.16531   2.04154   1.91663   1.79256   1.67088   1.55276   1.43908   1.33041   1.22709   1.12928   1.03693   0.94990   0.86789   0.79056   0.71750   0.64825   0.58238   0.51948   0.45921   0.40132   0.34568   0.29231   0.24137   0.19320   0.14827   0.10716   0.07050   0.03891   0.01290  -0.00720  -0.02131  -0.02968  -0.03286  -0.03166  -0.02714  -0.02040  -0.01256  -0.00457   0.00282   0.00913   0.01408   0.01763   0.01984   0.02088   0.02096   0.02029   0.01908   0.01749   0.01568   0.01378   0.01189   0.01008   0.00841   0.00690   0.00557   0.00443   0.00347   0.00267   0.00203   0.00152   0.00112   0.00081   0.00058   0.00041   0.00028   0.00019   0.00013   0.00008   0.00005   0.00003   0.00002   0.00001   0.00001   0.00000   0.00000   0.00000   0.00000   0.00000   0.00000   0.00000   0.00000   0.00000   0.00000   0.00000   0.00000   0.00000   0.00000   0.00000   0.00000   0.00000   0.00000   0.00000   0.00000   0.00000   0.00000   0.00000   0.00000   0.00000   0.00000   0.00000   0.00000   0.00000   0.00000   0.00000   0.00000   0.00000   0.00000   0.00000   0.00000   0.00000   0.00000   0.00000   0.00000   0.00000   0.00000   0.00000 
  0.00000   0.02224   0.08829   0.19618   0.34267   0.52330   0.73249   0.96369   1.20957   1.46221   1.71345   1.95520   2.17983   2.38055   2.55179   2.68948   2.79123   2.85637   2.88583   2.88193   2.84801   2.78810   2.70657   2.60778   2.49593   2.37482   2.24782   2.11781   1.98717   1.85784   1.73133   1.60875   1.49091   1.37833   1.27128   1.16984   1.07388   0.98318   0.89739   0.81609   0.73883   0.66515   0.59461   0.52685   0.46162   0.39880   0.33841   0.28067   0.22597   0.17486   0.12801   0.08615   0.04999   0.02011  -0.00308  -0.01950  -0.02942  -0.03343  -0.03249  -0.02775  -0.02048  -0.01193  -0.00318   0.00493   0.01182   0.01721   0.02103   0.02336   0.02440   0.02436   0.02349   0.02201   0.02014   0.01802   0.01582   0.01363   0.01154   0.00962   0.00789   0.00636   0.00506   0.00396   0.00305   0.00232   0.00173   0.00128   0.00092   0.00066   0.00046   0.00032   0.00022   0.00015   0.00010   0.00006   0.00004   0.00002   0.00002   0.00001   0.00001   0.00000   0.00000   0.00000   0.00000   0.00000   0.00000   0.00000   0.00000   0.00000   0.00000   0.00000   0.00000   0.00000   0.00000   0.00000   0.00000   0.00000   0.00000   0.00000   0.00000   0.00000   0.00000   0.00000   0.00000   0.00000   0.00000   0.00000   0.00000   0.00000   0.00000   0.00000   0.00000   0.00000   0.00000   0.00000   0.00000   0.00000   0.00000   0.00000   0.00000   0.00000   0.00000 
  0.00000   0.02116   0.08409   0.18712   0.32751   0.50147   0.70422   0.93009   1.17264   1.42482   1.67917   1.92811   2.16420   2.38053   2.57103   2.73080   2.85637   2.94586   2.99899   3.01698   3.00233   2.95846   2.88945   2.79964   2.69336   2.57474   2.44753   2.31504   2.18007   2.04497   1.91158   1.78135   1.65533   1.53426   1.41856   1.30842   1.20384   1.10461   1.01043   0.92089   0.83552   0.75387   0.67549   0.59999   0.52713   0.45679   0.38904   0.32412   0.26250   0.20481   0.15183   0.10439   0.06329   0.02924   0.00266  -0.01633  -0.02799  -0.03301  -0.03244  -0.02758  -0.01985  -0.01064  -0.00117   0.00760   0.01505   0.02084   0.02490   0.02731   0.02829   0.02809   0.02698   0.02522   0.02301   0.02056   0.01801   0.01550   0.01312   0.01092   0.00894   0.00721   0.00573   0.00448   0.00345   0.00262   0.00196   0.00144   0.00104   0.00075   0.00052   0.00036   0.00025   0.00017   0.00011   0.00007   0.00004   0.00003   0.00002   0.00001   0.00001   0.00000   0.00000   0.00000   0.00000   0.00000   0.00000   0.00000   0.00000   0.00000   0.00000   0.00000   0.00000   0.00000   0.00000   0.00000   0.00000   0.00000   0.00000   0.00000   0.00000   0.00000   0.00000   0.00000   0.00000   0.00000   0.00000   0.00000   0.00000   0.00000   0.00000   0.00000   0.00000   0.00000   0.00000   0.00000   0.00000   0.00000   0.00000   0.00000   0.00000   0.00000   0.00000 
  0.00000   0.02001   0.07959   0.17733   0.31093   0.47717   0.67200   0.89054   1.12721   1.37581   1.62965   1.88177   2.12519   2.35311   2.55928   2.73828   2.88583   2.99899   3.07630   3.11782   3.12500   3.10044   3.04764   2.97066   2.87378   2.76128   2.63721   2.50522   2.36854   2.22990   2.09153   1.95522   1.82231   1.69377   1.57023   1.45203   1.33927   1.23183   1.12946   1.03177   0.93832   0.84863   0.76225   0.67882   0.59808   0.51992   0.44446   0.37200   0.30308   0.23842   0.17891   0.12550   0.07911   0.04053   0.01026  -0.01155  -0.02519  -0.03141  -0.03136  -0.02649  -0.01839  -0.00860   0.00152   0.01092   0.01887   0.02501   0.02926   0.03171   0.03259   0.03218   0.03079   0.02868   0.02611   0.02328   0.02037   0.01751   0.01480   0.01231   0.01007   0.00812   0.00644   0.00504   0.00388   0.00294   0.00220   0.00162   0.00117   0.00084   0.00059   0.00041   0.00028   0.00018   0.00012   0.00008   0.00005   0.00003   0.00002   0.00001   0.00001   0.00000   0.00000   0.00000   0.00000   0.00000   0.00000   0.00000   0.00000   0.00000   0.00000   0.00000   0.00000   0.00000   0.00000   0.00000   0.00000   0.00000   0.00000   0.00000   0.00000   0.00000   0.00000   0.00000   0.00000   0.00000   0.00000   0.00000   0.00000   0.00000   0.00000   0.00000   0.00000   0.00000   0.00000   0.00000   0.00000   0.00000   0.00000   0.00000   0.00000   0.00000   0.00000 
  0.00000   0.01883   0.07494   0.16715   0.29353   0.45136   0.63722   0.84694   1.07572   1.31817   1.56839   1.82014   2.06696   2.30242   2.52036   2.71514   2.88193   3.01698   3.11782   3.18338   3.21396   3.21118   3.17775   3.11716   3.03344   2.93079   2.81340   2.68521   2.54976   2.41018   2.26907   2.12857   1.99035   1.85565   1.72533   1.59991   1.47962   1.36446   1.25423   1.14861   1.04716   0.94944   0.85501   0.76349   0.67465   0.58842   0.50494   0.42459   0.34800   0.27598   0.20955   0.14978   0.09772   0.05425   0.01997  -0.00495  -0.02081  -0.02843  -0.02908  -0.02435  -0.01598  -0.00569   0.00500   0.01495   0.02334   0.02978   0.03415   0.03658   0.03731   0.03665   0.03492   0.03243   0.02945   0.02621   0.02289   0.01965   0.01659   0.01378   0.01127   0.00908   0.00720   0.00563   0.00433   0.00328   0.00245   0.00180   0.00131   0.00093   0.00065   0.00045   0.00031   0.00021   0.00014   0.00009   0.00006   0.00003   0.00002   0.00001   0.00001   0.00000   0.00000   0.00000   0.00000   0.00000   0.00000   0.00000   0.00000   0.00000   0.00000   0.00000   0.00000   0.00000   0.00000   0.00000   0.00000   0.00000   0.00000   0.00000   0.00000   0.00000   0.00000   0.00000   0.00000   0.00000   0.00000   0.00000   0.00000   0.00000   0.00000   0.00000   0.00000   0.00000   0.00000   0.00000   0.00000   0.00000   0.00000   0.00000   0.00000   0.00000   0.00000 
  0.00000   0.01764   0.07025   0.15683   0.27576   0.42478   0.60097   0.80082   1.02023   1.25452   1.49859   1.74688   1.99359   2.23278   2.45855   2.66532   2.84801   3.00233   3.12500   3.21396   3.26843   3.28896   3.27728   3.23613   3.16901   3.07986   2.97278   2.85184   2.72084   2.58321   2.44192   2.29946   2.15782   2.01855   1.88276   1.75118   1.62421   1.50199   1.38440   1.27119   1.16197   1.05633   0.95383   0.85415   0.75705   0.66252   0.57074   0.48218   0.39755   0.31779   0.24404   0.17752   0.11939   0.07068   0.03204   0.00371  -0.01464  -0.02390  -0.02543  -0.02099  -0.01249  -0.00183   0.00935   0.01976   0.02852   0.03518   0.03961   0.04195   0.04247   0.04149   0.03938   0.03646   0.03303   0.02933   0.02558   0.02193   0.01849   0.01534   0.01254   0.01009   0.00800   0.00625   0.00480   0.00364   0.00272   0.00200   0.00145   0.00103   0.00072   0.00050   0.00034   0.00023   0.00015   0.00010   0.00006   0.00004   0.00002   0.00001   0.00001   0.00000   0.00000   0.00000   0.00000   0.00000   0.00000   0.00000   0.00000   0.00000   0.00000   0.00000   0.00000   0.00000   0.00000   0.00000   0.00000   0.00000   0.00000   0.00000   0.00000   0.00000   0.00000   0.00000   0.00000   0.00000   0.00000   0.00000   0.00000   0.00000   0.00000   0.00000   0.00000   0.00000   0.00000   0.00000   0.00000   0.00000   0.00000   0.00000   0.00000   0.00000   0.00000 
  0.00000   0.01647   0.06559   0.14656   0.25800   0.39802   0.56416   0.75346   0.96242   1.18707   1.42298   1.66529   1.90887   2.14833   2.37822   2.59317   2.78810   2.95846   3.10044   3.21118   3.28896   3.33326   3.34481   3.32541   3.27783   3.20549   3.11225   3.00209   2.87891   2.74637   2.60774   2.46582   2.32296   2.18098   2.04130   1.90486   1.77228   1.64384   1.51955   1.39923   1.28258   1.16921   1.05875   0.95088   0.84543   0.74241   0.64210   0.54502   0.45201   0.36414   0.28268   0.20900   0.14442   0.09008   0.04674   0.01466  -0.00647  -0.01761  -0.02025  -0.01628  -0.00781   0.00310   0.01465   0.02542   0.03446   0.04125   0.04567   0.04785   0.04809   0.04673   0.04417   0.04077   0.03684   0.03266   0.02843   0.02434   0.02050   0.01699   0.01387   0.01116   0.00884   0.00690   0.00530   0.00402   0.00300   0.00220   0.00159   0.00114   0.00080   0.00055   0.00037   0.00025   0.00016   0.00011   0.00007   0.00004   0.00003   0.00002   0.00001   0.00001   0.00000   0.00000   0.00000   0.00000   0.00000   0.00000   0.00000   0.00000   0.00000   0.00000   0.00000   0.00000   0.00000   0.00000   0.00000   0.00000   0.00000   0.00000   0.00000   0.00000   0.00000   0.00000   0.00000   0.00000   0.00000   0.00000   0.00000   0.00000   0.00000   0.00000   0.00000   0.00000   0.00000   0.00000   0.00000   0.00000   0.00000   0.00000   0.00000   0.00000   0.00000 
  0.00000   0.01532   0.06104   0.13648   0.24050   0.37151   0.52745   0.70582   0.90368   1.11762   1.34386   1.57821   1.81616   2.05293   2.28356   2.50307   2.70657   2.88945   3.04764   3.17775   3.27728   3.34481   3.38004   3.38381   3.35799   3.30531   3.22912   3.13313   3.02118   2.89701   2.76409   2.62549   2.48385   2.34132   2.19957   2.05984   1.92293   1.78931   1.65915   1.53237   1.40875   1.28798   1.16973   1.05374   0.93989   0.82826   0.71920   0.61335   0.51163   0.41529   0.32573   0.24450   0.17306   0.11271   0.06429   0.02813   0.00391  -0.00938  -0.01336  -0.01008  -0.00181   0.00920   0.02099   0.03200   0.04121   0.04804   0.05236   0.05430   0.05417   0.05237   0.04931   0.04537   0.04090   0.03618   0.03145   0.02688   0.02261   0.01872   0.01527   0.01227   0.00971   0.00758   0.00582   0.00441   0.00329   0.00241   0.00175   0.00125   0.00087   0.00060   0.00041   0.00027   0.00018   0.00012   0.00007   0.00005   0.00003   0.00002   0.00001   0.00001   0.00000   0.00000   0.00000   0.00000   0.00000   0.00000   0.00000   0.00000   0.00000   0.00000   0.00000   0.00000   0.00000   0.00000   0.00000   0.00000   0.00000   0.00000   0.00000   0.00000   0.00000   0.00000   0.00000   0.00000   0.00000   0.00000   0.00000   0.00000   0.00000   0.00000   0.00000   0.00000   0.00000   0.00000   0.00000   0.00000   0.00000   0.00000   0.00000   0.00000   0.00000 
  0.00000   0.01420   0.05663   0.12670   0.22347   0.34560   0.49137   0.65869   0.84506   1.04762   1.26314   1.48802   1.71836   1.94998   2.17845   2.39924   2.60778   2.79964   2.97066   3.11716   3.23613   3.32541   3.38381   3.41120   3.40852   3.37763   3.32121   3.24251   3.14507   3.03257   2.90852   2.77620   2.63848   2.49779   2.35608   2.21483   2.07511   1.93757   1.80254   1.67010   1.54013   1.41239   1.28664   1.16269   1.04048   0.92018   0.80221   0.68734   0.57664   0.47147   0.37345   0.28426   0.20558   0.13881   0.08493   0.04433   0.01670   0.00095  -0.00462  -0.00225   0.00562   0.01656   0.02843   0.03956   0.04881   0.05558   0.05969   0.06130   0.06074   0.05843   0.05480   0.05026   0.04519   0.03990   0.03462   0.02955   0.02482   0.02054   0.01673   0.01343   0.01063   0.00828   0.00636   0.00481   0.00359   0.00263   0.00191   0.00136   0.00095   0.00066   0.00045   0.00030   0.00020   0.00013   0.00008   0.00005   0.00003   0.00002   0.00001   0.00001   0.00000   0.00000   0.00000   0.00000   0.00000   0.00000   0.00000   0.00000   0.00000   0.00000   0.00000   0.00000   0.00000   0.00000   0.00000   0.00000   0.00000   0.00000   0.00000   0.00000   0.00000   0.00000   0.00000   0.00000   0.00000   0.00000   0.00000   0.00000   0.00000   0.00000   0.00000   0.00000   0.00000   0.00000   0.00000   0.00000   0.00000   0.00000   0.00000   0.00000   0.00000 
  0.00000   0.01314   0.05239   0.11729   0.20704   0.32052   0.45631   0.61263   0.78740   0.97820   1.18231   1.39666   1.61790   1.84240   2.06628   2.28551   2.49593   2.69336   2.87378   3.03344   3.16901   3.27783   3.35799   3.40852   3.42941   3.42164   3.38706   3.32825   3.24832   3.15063   3.03865   2.91567   2.78474   2.64849   2.50914   2.36841   2.22761   2.08761   1.94894   1.81181   1.67624   1.54212   1.40928   1.27762   1.14717   1.01818   0.89122   0.76714   0.64719   0.53289   0.42604   0.32852   0.24218   0.16860   0.10888   0.06347   0.03208   0.01357   0.00612   0.00733   0.01459   0.02526   0.03705   0.04814   0.05731   0.06389   0.06770   0.06888   0.06779   0.06488   0.06062   0.05544   0.04972   0.04380   0.03794   0.03234   0.02713   0.02242   0.01825   0.01464   0.01157   0.00901   0.00692   0.00523   0.00390   0.00286   0.00207   0.00147   0.00103   0.00071   0.00048   0.00032   0.00021   0.00014   0.00009   0.00005   0.00003   0.00002   0.00001   0.00001   0.00000   0.00000   0.00000   0.00000   0.00000   0.00000   0.00000   0.00000   0.00000   0.00000   0.00000   0.00000   0.00000   0.00000   0.00000   0.00000   0.00000   0.00000   0.00000   0.00000   0.00000   0.00000   0.00000   0.00000   0.00000   0.00000   0.00000   0.00000   0.00000   0.00000   0.00000   0.00000   0.00000   0.00000   0.00000   0.00000   0.00000   0.00000   0.00000   0.00000   0.00000 
  0.00000   0.01212   0.04836   0.10831   0.19132   0.29646   0.42253   0.56806   0.73131   0.91024   1.10256   1.30568   1.51674   1.73264   1.95001   2.16531   2.37482   2.57474   2.76128   2.93079   3.07986   3.20549   3.30531   3.37763   3.42164   3.43741   3.42594   3.38901   3.32909   3.24910   3.15222   3.04165   2.92045   2.79141   2.65693   2.51896   2.37904   2.23827   2.09735   1.95670   1.81646   1.67667   1.53727   1.39826   1.25979   1.12221   0.98621   0.85280   0.72338   0.59967   0.48366   0.37745   0.28307   0.20228   0.13631   0.08573   0.05022   0.02862   0.01899   0.01878   0.02518   0.03538   0.04691   0.05780   0.06673   0.07299   0.07638   0.07703   0.07533   0.07175   0.06678   0.06088   0.05447   0.04789   0.04141   0.03524   0.02953   0.02438   0.01983   0.01589   0.01255   0.00977   0.00749   0.00566   0.00422   0.00309   0.00224   0.00159   0.00112   0.00077   0.00052   0.00035   0.00023   0.00015   0.00009   0.00006   0.00004   0.00002   0.00001   0.00001   0.00000   0.00000   0.00000   0.00000   0.00000   0.00000   0.00000   0.00000   0.00000   0.00000   0.00000   0.00000   0.00000   0.00000   0.00000   0.00000   0.00000   0.00000   0.00000   0.00000   0.00000   0.00000   0.00000   0.00000   0.00000   0.00000   0.00000   0.00000   0.00000   0.00000   0.00000   0.00000   0.00000   0.00000   0.00000   0.00000   0.00000   0.00000   0.00000   0.00000   0.00000 
  0.00000   0.01116   0.04453   0.09978   0.17637   0.27352   0.39024   0.52530   0.67725   0.84440   1.02480   1.21631   1.41649   1.62270   1.83208   2.04154   2.24782   2.44753   2.63721   2.81340   2.97278   3.11225   3.22912   3.32121   3.38706   3.42594   3.43798   3.42415   3.38614   3.32626   3.24722   3.15197   3.04345   2.92446   2.79750   2.66472   2.52784   2.38816   2.24661   2.10377   1.95998   1.81540   1.67011   1.52424   1.37806   1.23206   1.08707   0.94427   0.80523   0.67188   0.54642   0.43116   0.32837   0.23998   0.16739   0.11124   0.07125   0.04622   0.03410   0.03220   0.03749   0.04699   0.05804   0.06855   0.07710   0.08290   0.08574   0.08575   0.08334   0.07901   0.07326   0.06659   0.05943   0.05214   0.04501   0.03825   0.03201   0.02639   0.02145   0.01717   0.01355   0.01054   0.00808   0.00610   0.00454   0.00333   0.00241   0.00171   0.00120   0.00083   0.00056   0.00038   0.00025   0.00016   0.00010   0.00006   0.00004   0.00002   0.00001   0.00001   0.00000   0.00000   0.00000   0.00000   0.00000   0.00000   0.00000   0.00000   0.00000   0.00000   0.00000   0.00000   0.00000   0.00000   0.00000   0.00000   0.00000   0.00000   0.00000   0.00000   0.00000   0.00000   0.00000   0.00000   0.00000   0.00000   0.00000   0.00000   0.00000   0.00000   0.00000   0.00000   0.00000   0.00000   0.00000   0.00000   0.00000   0.00000   0.00000   0.00000   0.00000 
